#bin	name	chrom	strand	txStart	txEnd	cdsStart	cdsEnd	exonCount	exonStarts	exonEnds	score	name2	cdsStartStat	cdsEndStat	exonFrames
1783	NM_001004341.2	chr1	-	157092042	157099808	157092648	157099523	5	157092042,157097867,157098705,157099140,157099465,	157093127,157097988,157098895,157099378,157099808,	0	ETV3L	cmpl	cmpl	1,0,2,1,0,
2126	NM_001114309.2	chr1	+	202010586	202017183	202011136	202015323	9	202010586,202011128,202011956,202012343,202012639,202012946,202013181,202013828,202015208,	202010820,202011299,202012178,202012436,202012759,202013036,202013298,202014024,202017183,	0	ELF3	cmpl	cmpl	-1,0,1,1,1,1,1,1,2,
1783	NM_001145312.3	chr1	-	157121190	157138395	157124840	157136352	5	157121190,157134111,157135470,157136306,157138315,	157125979,157134227,157135708,157136365,157138395,	0	ETV3	cmpl	cmpl	1,2,1,0,-1,
2153	NM_001973.4	chr1	-	205607942	205632011	205616545	205623882	5	205607942,205618956,205619965,205623675,205631631,	205616644,205619073,205620838,205623891,205632011,	0	ELK4	cmpl	cmpl	0,0,0,0,-1,
2126	NM_004433.5	chr1	+	202010586	202017183	202011136	202015323	9	202010586,202011128,202011956,202012343,202012639,202012946,202013181,202013828,202015208,	202010706,202011299,202012178,202012436,202012759,202013036,202013298,202014024,202017183,	0	ELF3	cmpl	cmpl	-1,0,1,1,1,1,1,1,2,
1783	NM_005240.2	chr1	-	157133183	157138591	157134079	157136352	4	157133183,157135470,157136306,157138315,	157134227,157135708,157136365,157138591,	0	ETV3	cmpl	cmpl	2,1,0,-1,
2153	NM_021795.2	chr1	-	205619267	205632872	205619827	205623882	3	205619267,205623675,205631631,	205620838,205623891,205632872,	0	ELK4	cmpl	cmpl	0,0,-1,
2126	XM_005244942.3	chr1	+	202010582	202013036	202011136	202012900	6	202010582,202011128,202011956,202012343,202012639,202012850,	202010706,202011299,202012178,202012436,202012759,202013036,	0	ELF3	cmpl	cmpl	-1,0,1,1,1,1,
1783	XM_006711210.2	chr1	-	157121190	157138575	157124840	157136352	5	157121190,157134111,157135470,157136306,157138315,	157125979,157134227,157135708,157136362,157138575,	0	ETV3	cmpl	cmpl	1,2,1,0,-1,
1783	XM_024447166.1	chr1	-	157092044	157112832	157092648	157099523	6	157092044,157097867,157098705,157099140,157099465,157112816,	157093127,157097988,157098895,157099378,157099556,157112832,	0	ETV3L	cmpl	cmpl	1,0,2,1,0,-1,
2255	NM_017521.3	chr2	-	218981086	218985184	218981666	218985075	3	218981086,218984230,218985023,	218982256,218984305,218985184,	0	FEV	cmpl	cmpl	1,1,0,
2004	NM_004454.3	chr3	-	186046313	186109089	186048638	186105868	13	186046313,186052029,186057074,186057422,186064416,186065812,186079816,186081045,186105304,186105448,186105624,186105823,186108939,	186048860,186052131,186057244,186057491,186064476,186066072,186080104,186081175,186105355,186105496,186105712,186105942,186109089,	0	ETV5	cmpl	cmpl	0,0,1,1,1,2,2,1,1,1,0,0,-1,
205	NM_001276457.1	chr4	-	139057716	139084414	139058982	139084190	6	139057716,139060323,139061864,139071865,139073453,139084132,	139059607,139060674,139062057,139072039,139073567,139084414,	0	ELF2	cmpl	cmpl	2,2,1,1,1,0,
205	NM_001276458.2	chr4	-	139057219	139084224	139058982	139084190	7	139057219,139060323,139061864,139067683,139071865,139073453,139084132,	139059607,139060674,139062057,139067770,139072003,139073567,139084224,	0	ELF2	cmpl	cmpl	2,2,1,1,1,1,0,
205	NM_001276459.2	chr4	-	139057219	139084224	139058982	139084190	6	139057219,139060323,139061864,139071865,139073453,139084132,	139059607,139060674,139062057,139072003,139073567,139084224,	0	ELF2	cmpl	cmpl	2,2,1,1,1,0,
205	NM_001331036.2	chr4	-	139057219	139177218	139058982	139137701	10	139057219,139060323,139061864,139067683,139071865,139073453,139125163,139137629,139139412,139176966,	139059607,139060674,139062057,139067770,139072039,139073567,139125329,139137867,139139497,139177218,	0	ELF2	cmpl	cmpl	2,2,1,1,1,1,0,0,-1,-1,
205	NM_001371324.1	chr4	-	139057224	139177218	139058982	139137701	11	139057224,139060323,139061864,139067683,139071865,139073453,139125163,139137629,139139412,139167901,139176966,	139059607,139060674,139062057,139067770,139072003,139073567,139125329,139137867,139139497,139168042,139177218,	0	ELF2	cmpl	cmpl	2,2,1,1,1,1,0,0,-1,-1,-1,
205	NM_001371336.1	chr4	-	139057224	139177218	139058982	139137701	9	139057224,139060323,139061864,139071865,139073453,139125163,139137629,139139412,139176966,	139059607,139060674,139062057,139072039,139073567,139125329,139137867,139139497,139177218,	0	ELF2	cmpl	cmpl	2,2,1,1,1,0,0,-1,-1,
205	NM_001371337.1	chr4	-	139057224	139177218	139058982	139073493	11	139057224,139060323,139061864,139067683,139071865,139073453,139116648,139125163,139137629,139139412,139176966,	139059607,139060674,139062057,139067770,139072003,139073567,139116807,139125329,139137867,139139497,139177218,	0	ELF2	cmpl	cmpl	2,2,1,1,1,0,-1,-1,-1,-1,-1,
205	NM_001371338.1	chr4	-	139057224	139177218	139058982	139073493	10	139057224,139060323,139061864,139071865,139073453,139116648,139125163,139137629,139139412,139176966,	139059607,139060674,139062057,139072039,139073567,139116807,139125329,139137867,139139497,139177218,	0	ELF2	cmpl	cmpl	2,2,1,1,0,-1,-1,-1,-1,-1,
205	NM_001371339.1	chr4	-	139057224	139177218	139058982	139073493	10	139057224,139060323,139061864,139071865,139073453,139116648,139125163,139137629,139139412,139176966,	139059607,139060674,139062057,139072003,139073567,139116751,139125329,139137867,139139497,139177218,	0	ELF2	cmpl	cmpl	2,2,1,1,0,-1,-1,-1,-1,-1,
205	NM_006874.4	chr4	-	139057219	139084224	139058982	139084190	7	139057219,139060323,139061864,139067683,139071865,139073453,139084132,	139059607,139060674,139062057,139067770,139072039,139073567,139084224,	0	ELF2	cmpl	cmpl	2,2,1,1,1,1,0,
205	NM_201999.3	chr4	-	139057219	139177218	139058982	139137701	10	139057219,139060323,139061864,139067683,139071865,139073453,139125163,139137629,139139412,139176966,	139059607,139060674,139062057,139067770,139072003,139073567,139125329,139137867,139139497,139177218,	0	ELF2	cmpl	cmpl	2,2,1,1,1,1,0,0,-1,-1,
205	XM_005262805.2	chr4	-	139057854	139177218	139058982	139137701	9	139057854,139060323,139061864,139071865,139073453,139125163,139137629,139139412,139176966,	139059607,139060674,139062057,139072003,139073567,139125329,139137867,139139497,139177218,	0	ELF2	cmpl	cmpl	2,2,1,1,1,0,0,-1,-1,
205	XM_011531711.2	chr4	-	139057854	139125251	139058982	139073493	8	139057854,139060323,139061864,139067683,139071865,139073453,139116648,139125163,	139059607,139060674,139062057,139067770,139072039,139073567,139116807,139125251,	0	ELF2	cmpl	cmpl	2,2,1,1,1,0,-1,-1,
1645	XM_011531714.2	chr4	-	139057854	139064669	139058982	139061896	4	139057854,139060323,139061864,139064579,	139059607,139060674,139062057,139064669,	0	ELF2	cmpl	cmpl	2,2,0,-1,
205	XM_024453918.1	chr4	-	139057854	139177218	139058982	139073493	12	139057854,139060323,139061864,139067683,139071865,139073453,139116648,139117828,139125163,139137629,139139412,139176966,	139059607,139060674,139062057,139067770,139072039,139073567,139116807,139117950,139125329,139137867,139139497,139177218,	0	ELF2	cmpl	cmpl	2,2,1,1,1,0,-1,-1,-1,-1,-1,-1,
205	XM_024453919.1	chr4	-	139057854	139177218	139058982	139073493	11	139057854,139060323,139061864,139067683,139071865,139073453,139116648,139125163,139137629,139139412,139176966,	139059607,139060674,139062057,139067770,139072039,139073567,139116751,139125329,139137867,139139497,139177218,	0	ELF2	cmpl	cmpl	2,2,1,1,1,0,-1,-1,-1,-1,-1,
205	XM_024453920.1	chr4	-	139057854	139177218	139058982	139073493	9	139057854,139060323,139061864,139067683,139071865,139073453,139137629,139139412,139176966,	139059607,139060674,139062057,139067770,139072039,139073567,139137867,139139497,139177218,	0	ELF2	cmpl	cmpl	2,2,1,1,1,0,-1,-1,-1,
205	XM_024453922.1	chr4	-	139057854	139177218	139058982	139073493	11	139057854,139060323,139061864,139067683,139071865,139073453,139116648,139125163,139137629,139139412,139176966,	139059607,139060674,139062057,139067770,139072003,139073567,139116751,139125329,139137867,139139497,139177218,	0	ELF2	cmpl	cmpl	2,2,1,1,1,0,-1,-1,-1,-1,-1,
205	XM_024453924.1	chr4	-	139057854	139177218	139058982	139073493	10	139057854,139060323,139061864,139071865,139073453,139116648,139125163,139137629,139139412,139176966,	139059607,139060674,139062057,139072039,139073567,139116751,139125329,139137867,139139497,139177218,	0	ELF2	cmpl	cmpl	2,2,1,1,0,-1,-1,-1,-1,-1,
205	XM_024453925.1	chr4	-	139057854	139177218	139058982	139073493	10	139057854,139060323,139061864,139071865,139073453,139116648,139125163,139137629,139139412,139176966,	139059607,139060674,139062057,139072003,139073567,139116807,139125329,139137867,139139497,139177218,	0	ELF2	cmpl	cmpl	2,2,1,1,0,-1,-1,-1,-1,-1,
205	XM_024453926.1	chr4	-	139057854	139177218	139058982	139073493	11	139057854,139060323,139061864,139071865,139073453,139116648,139117828,139125163,139137629,139139412,139176966,	139059607,139060674,139062057,139072003,139073567,139116807,139117950,139125329,139137867,139139497,139177218,	0	ELF2	cmpl	cmpl	2,2,1,1,0,-1,-1,-1,-1,-1,-1,
862	NM_001207035.2	chr6	-	36354087	36387669	36354641	36387541	8	36354087,36366874,36368928,36371329,36373452,36375870,36385533,36387535,	36354687,36366975,36369071,36371560,36373578,36376035,36385669,36387669,	0	ETV7	cmpl	cmpl	2,0,1,1,1,1,0,0,
862	NM_001207036.1	chr6	-	36366193	36387800	36366644	36387541	7	36366193,36366874,36368928,36371329,36373452,36385533,36387535,	36366762,36366975,36369071,36371560,36373578,36385669,36387800,	0	ETV7	cmpl	cmpl	2,0,1,1,1,0,0,
862	NM_001207037.1	chr6	-	36366193	36387800	36366644	36375959	8	36366193,36366874,36368928,36371329,36373452,36375829,36385533,36387535,	36366762,36366975,36369071,36371560,36373578,36376035,36385669,36387800,	0	ETV7	cmpl	cmpl	2,0,1,1,1,0,-1,-1,
862	NM_001207038.2	chr6	-	36366193	36387669	36366644	36387541	7	36366193,36366874,36368928,36373452,36375870,36385533,36387535,	36366762,36366975,36369071,36373578,36376035,36385669,36387669,	0	ETV7	cmpl	cmpl	2,0,1,1,1,0,0,
862	NM_001207039.2	chr6	-	36354087	36387669	36354641	36387541	7	36354087,36366874,36368928,36371329,36373452,36385533,36387535,	36354687,36366975,36369071,36371560,36373578,36385669,36387669,	0	ETV7	cmpl	cmpl	2,0,1,1,1,0,0,
862	NM_001207040.1	chr6	-	36366193	36387800	36366644	36375934	7	36366193,36366874,36368928,36371329,36373452,36375870,36387535,	36366762,36366975,36369071,36371560,36373578,36376035,36387800,	0	ETV7	cmpl	cmpl	2,0,1,1,1,0,-1,
862	NM_001207041.1	chr6	-	36366193	36387800	36366644	36371540	6	36366193,36366874,36368928,36371329,36373452,36387535,	36366762,36366975,36369071,36371560,36373578,36387800,	0	ETV7	cmpl	cmpl	2,0,1,0,-1,-1,
848	NM_001252294.1	chr6	-	34537801	34556333	34538273	34544455	5	34537801,34539249,34540983,34544019,34555928,	34538452,34539396,34541181,34544484,34556333,	0	SPDEF	cmpl	cmpl	1,1,1,0,-1,
848	NM_012391.3	chr6	-	34537801	34556329	34538273	34544455	6	34537801,34539249,34539514,34540983,34544019,34555928,	34538452,34539396,34539562,34541181,34544484,34556329,	0	SPDEF	cmpl	cmpl	1,1,1,1,0,-1,
862	NM_016135.4	chr6	-	36366193	36387669	36366644	36387541	8	36366193,36366874,36368928,36371329,36373452,36375870,36385533,36387535,	36366762,36366975,36369071,36371560,36373578,36376035,36385669,36387669,	0	ETV7	cmpl	cmpl	2,0,1,1,1,1,0,0,
848	XM_005248988.5	chr6	-	34537799	34553327	34538273	34552417	6	34537799,34539249,34539514,34540983,34544019,34552230,	34538452,34539396,34539562,34541181,34544484,34553327,	0	SPDEF	cmpl	cmpl	1,1,1,1,1,0,
848	XM_011514457.3	chr6	-	34539663	34553357	34539720	34552417	4	34539663,34540983,34544019,34552230,	34539737,34541181,34544484,34553357,	0	SPDEF	cmpl	cmpl	1,1,1,0,
862	XM_011514659.1	chr6	-	36366193	36386546	36366644	36385627	8	36366193,36366874,36368928,36371329,36373452,36375870,36385533,36386400,	36366762,36366975,36369071,36371560,36373578,36376035,36385669,36386546,	0	ETV7	cmpl	cmpl	2,0,1,1,1,1,0,-1,
86	NM_001163147.1	chr7	-	13891228	13990017	13895865	13989052	12	13891228,13900737,13906429,13909631,13931501,13935707,13939116,13977426,13986637,13988085,13989007,13989562,	13896087,13900839,13906599,13909700,13931749,13935896,13939246,13977480,13986685,13988173,13989139,13990017,	0	ETV1	cmpl	cmpl	0,0,1,1,2,2,1,1,1,0,0,-1,
86	NM_001163148.1	chr7	-	13891228	13991425	13895865	13989052	13	13891228,13900737,13906429,13909631,13911238,13931501,13935707,13939116,13986637,13988085,13989007,13990552,13991327,	13896087,13900839,13906599,13909700,13911307,13931749,13935896,13939246,13986685,13988173,13989139,13990702,13991425,	0	ETV1	cmpl	cmpl	0,0,1,1,1,2,2,1,1,0,0,-1,-1,
86	NM_001163149.1	chr7	-	13891228	13991240	13895865	13989052	12	13891228,13900737,13906429,13909631,13911238,13931501,13935707,13939116,13986637,13988085,13989007,13991121,	13896087,13900839,13906599,13909700,13911307,13931749,13935896,13939246,13986685,13988173,13989139,13991240,	0	ETV1	cmpl	cmpl	0,0,1,1,1,2,2,1,1,0,0,-1,
86	NM_001163150.1	chr7	-	13891228	13986514	13895865	13986176	10	13891228,13900737,13906429,13909631,13911238,13931501,13935707,13939116,13977426,13986115,	13896087,13900839,13906599,13909700,13911307,13931749,13935896,13939246,13977480,13986514,	0	ETV1	cmpl	cmpl	0,0,1,1,1,2,2,1,1,0,
86	NM_001163151.1	chr7	-	13891228	13986514	13895865	13986176	9	13891228,13900737,13906429,13909631,13911238,13931501,13935707,13939116,13986115,	13896087,13900839,13906599,13909700,13911307,13931749,13935896,13939246,13986514,	0	ETV1	cmpl	cmpl	0,0,1,1,1,2,2,1,0,
86	NM_001163152.1	chr7	-	13891228	13986514	13895865	13986176	9	13891228,13900737,13906429,13909631,13911238,13931501,13939116,13977426,13986115,	13896087,13900839,13906599,13909700,13911307,13931749,13939246,13977480,13986514,	0	ETV1	cmpl	cmpl	0,0,1,1,1,2,1,1,0,
86	NM_001370555.1	chr7	-	13891228	13990706	13895865	13989052	13	13891228,13900737,13906429,13909631,13911238,13931501,13935707,13939116,13977426,13986637,13988085,13989007,13990552,	13896087,13900839,13906599,13909700,13911307,13931749,13935896,13939246,13977480,13986685,13988173,13989139,13990706,	0	ETV1	cmpl	cmpl	0,0,1,1,1,2,2,1,1,1,0,0,-1,
86	NM_001370556.1	chr7	-	13891228	13989666	13895865	13989052	12	13891228,13900737,13906429,13909631,13911238,13931501,13935707,13939116,13977426,13988085,13989007,13989562,	13896087,13900839,13906599,13909700,13911307,13931749,13935896,13939246,13977480,13988173,13989139,13989666,	0	ETV1	cmpl	cmpl	0,0,1,1,1,2,2,1,1,0,0,-1,
86	NM_004956.5	chr7	-	13891228	13989666	13895865	13989052	14	13891228,13900737,13906429,13909631,13911238,13931501,13935707,13939116,13977426,13986637,13988085,13989007,13989267,13989562,	13896087,13900839,13906599,13909700,13911307,13931749,13935896,13939246,13977480,13986685,13988173,13989139,13989464,13989666,	0	ETV1	cmpl	cmpl	0,0,1,1,1,2,2,1,1,1,0,0,-1,-1,
86	NR_120445.1	chr7	-	13891228	13990702	13990702	13990702	15	13891228,13900737,13906429,13907792,13909631,13911238,13931501,13935707,13939116,13977426,13986637,13988085,13989007,13989267,13990552,	13896087,13900839,13906599,13907856,13909700,13911307,13931749,13935896,13939246,13977480,13986685,13988173,13989139,13989464,13990702,	0	ETV1	none	none	-1,-1,-1,-1,-1,-1,-1,-1,-1,-1,-1,-1,-1,-1,-1,
86	XM_005249635.5	chr7	-	13893028	13989696	13895865	13989052	13	13893028,13900737,13906429,13909631,13911238,13931501,13935707,13939116,13977426,13986637,13988085,13989007,13989562,	13896087,13900839,13906599,13909700,13911307,13931749,13935896,13939246,13977480,13986685,13988173,13989139,13989696,	0	ETV1	cmpl	cmpl	0,0,1,1,1,2,2,1,1,1,0,0,-1,
86	XM_011515167.3	chr7	-	13893028	13988883	13895865	13988766	12	13893028,13900737,13906429,13909631,13911238,13931501,13935707,13939116,13977426,13986637,13988085,13988679,	13896087,13900839,13906599,13909700,13911307,13931749,13935896,13939246,13977480,13986685,13988173,13988883,	0	ETV1	cmpl	cmpl	0,0,1,1,1,2,2,1,1,1,0,0,
86	XM_011515168.3	chr7	-	13893028	13991425	13895865	13989052	13	13893028,13900737,13906429,13909631,13911238,13931501,13935707,13939116,13977426,13986637,13988085,13989007,13991327,	13896087,13900839,13906599,13909700,13911307,13931749,13935896,13939246,13977480,13986685,13988173,13989139,13991425,	0	ETV1	cmpl	cmpl	0,0,1,1,1,2,2,1,1,1,0,0,-1,
86	XM_011515170.3	chr7	-	13893028	13988895	13895865	13988843	12	13893028,13900737,13906429,13909631,13911238,13931501,13935707,13939116,13977426,13986637,13988085,13988813,	13896087,13900839,13906599,13909700,13911307,13931749,13935896,13939246,13977480,13986685,13988173,13988895,	0	ETV1	cmpl	cmpl	0,0,1,1,1,2,2,1,1,1,0,0,
86	XM_024446676.1	chr7	-	13893028	13988788	13895865	13988766	11	13893028,13900737,13906429,13909631,13911238,13931501,13935707,13939116,13986637,13988085,13988679,	13896087,13900839,13906599,13909700,13911307,13931749,13935896,13939246,13986685,13988173,13988788,	0	ETV1	cmpl	cmpl	0,0,1,1,1,2,2,1,1,0,0,
86	XM_024446677.1	chr7	-	13893023	13989797	13895865	13989052	12	13893023,13900737,13906429,13909631,13911238,13931501,13935707,13939116,13986637,13988085,13989007,13989562,	13896087,13900839,13906599,13909700,13911307,13931749,13935896,13939246,13986685,13988173,13989139,13989797,	0	ETV1	cmpl	cmpl	0,0,1,1,1,2,2,1,1,0,0,-1,
86	XM_024446678.1	chr7	-	13893023	13989696	13895865	13989052	13	13893023,13900737,13906429,13909631,13911238,13931501,13935707,13939116,13986637,13988085,13989007,13989267,13989562,	13896087,13900839,13906599,13909700,13911307,13931749,13935896,13939246,13986685,13988173,13989139,13989464,13989696,	0	ETV1	cmpl	cmpl	0,0,1,1,1,2,2,1,1,0,0,-1,-1,
86	XM_024446679.1	chr7	-	13893023	13990900	13895865	13989052	12	13893023,13900737,13906429,13909631,13911238,13931501,13935707,13939116,13986637,13988085,13989007,13990552,	13896087,13900839,13906599,13909700,13911307,13931749,13935896,13939246,13986685,13988173,13989139,13990900,	0	ETV1	cmpl	cmpl	0,0,1,1,1,2,2,1,1,0,0,-1,
948	NM_001114123.2	chrX	-	47635519	47650604	47636828	47641441	7	47635519,47637012,47637750,47638894,47641231,47649920,47650422,	47636927,47637114,47638182,47639338,47641475,47650026,47650604,	0	ELK1	cmpl	cmpl	0,0,0,0,0,-1,-1,
1577	NM_001127197.2	chrX	-	130064873	130110891	130066720	130081330	9	130064873,130069299,130071039,130071335,130072225,130074048,130074580,130081255,130110619,	130067525,130069677,130071232,130071419,130072417,130074141,130074752,130081539,130110891,	0	ELF4	cmpl	cmpl	2,2,1,1,1,1,0,0,-1,
948	NM_001257168.1	chrX	-	47635519	47650604	47637034	47641441	6	47635519,47637012,47639278,47641231,47649920,47650422,	47636927,47637052,47639338,47641475,47650026,47650604,	0	ELK1	cmpl	cmpl	-1,0,0,0,-1,-1,
1577	NM_001421.3	chrX	-	130064919	130110500	130066720	130081330	9	130064919,130069299,130071039,130071335,130072225,130074048,130074580,130081255,130110324,	130067525,130069677,130071232,130071419,130072417,130074141,130074752,130081539,130110500,	0	ELF4	cmpl	cmpl	2,2,1,1,1,1,0,0,-1,
948	NM_005229.4	chrX	-	47635519	47650604	47636828	47641441	6	47635519,47637012,47637750,47638894,47641231,47650422,	47636927,47637114,47638182,47639338,47641475,47650604,	0	ELK1	cmpl	cmpl	0,0,0,0,0,-1,
1577	XM_005262389.3	chrX	-	130064924	130086926	130066720	130081330	9	130064924,130069299,130071039,130071335,130072225,130074048,130074580,130081255,130086414,	130067525,130069677,130071232,130071419,130072417,130074141,130074752,130081539,130086926,	0	ELF4	cmpl	cmpl	2,2,1,1,1,1,0,0,-1,
1577	XM_011531307.3	chrX	-	130064924	130110531	130066720	130074623	8	130064924,130069299,130071039,130071335,130072225,130074048,130074580,130110324,	130067525,130069677,130071232,130071419,130072417,130074141,130074752,130110531,	0	ELF4	cmpl	cmpl	2,2,1,1,1,1,0,-1,
1577	XM_011531308.3	chrX	-	130064924	130074659	130066720	130074157	7	130064924,130069299,130071039,130071335,130072225,130074048,130074580,	130067525,130069677,130071232,130071419,130072417,130074208,130074659,	0	ELF4	cmpl	cmpl	2,2,1,1,1,0,-1,
946	NM_001080547.2	chr11	-	47354859	47378547	47355226	47378353	5	47354859,47358843,47359852,47375632,47378308,	47355546,47359006,47360040,47375732,47378547,	0	SPI1	cmpl	cmpl	1,0,1,0,0,
195	NM_001143820.2	chr11	-	128458764	128587558	128462360	128573130	10	128458764,128463508,128480190,128484822,128486068,128489289,128490456,128556290,128573061,128587487,	128462576,128463627,128480451,128485071,128486146,128489490,128490576,128556435,128573144,128587558,	0	ETS1	cmpl	cmpl	0,1,1,1,1,1,1,0,0,-1,
1565	NM_001162422.1	chr11	-	128458760	128522310	128462360	128521994	4	128458760,128463508,128480190,128521912,	128462576,128463627,128480451,128522310,	0	ETS1	cmpl	cmpl	0,1,1,0,
195	NM_001167681.2	chr11	+	128693915	128813267	128758195	128810988	10	128693915,128748236,128758114,128768117,128772781,128781957,128805365,128807179,128809156,128810458,	128694276,128748290,128758326,128768272,128772985,128782023,128805431,128807239,128809204,128813267,	0	FLI1	cmpl	cmpl	-1,-1,0,2,1,1,1,1,1,1,
849	NM_001206615.2	chr11	+	34621092	34663288	34642630	34658931	8	34621092,34642627,34646438,34649018,34651541,34656907,34658532,34658831,	34621228,34642727,34646684,34649081,34651610,34656970,34658728,34663288,	0	EHF	cmpl	cmpl	-1,0,1,1,1,1,1,2,
849	NM_001206616.2	chr11	+	34632565	34663288	34632589	34658931	9	34632565,34642627,34646438,34649018,34651541,34651736,34656907,34658532,34658831,	34632652,34642727,34646684,34649081,34651610,34651805,34656970,34658728,34663288,	0	EHF	cmpl	cmpl	0,0,1,1,1,1,1,1,2,
848	NM_001243080.2	chr11	-	34478790	34513794	34480217	34505749	5	34478790,34480771,34482430,34505628,34513676,	34480314,34480967,34482499,34505753,34513794,	0	ELF5	cmpl	cmpl	2,1,1,0,-1,
848	NM_001243081.1	chr11	-	34478794	34511799	34480217	34511569	6	34478794,34480771,34482430,34490008,34505628,34511543,	34480314,34480967,34482499,34490059,34505753,34511799,	0	ELF5	cmpl	cmpl	2,1,1,1,2,0,
195	NM_001271010.1	chr11	+	128693915	128813267	128764789	128810988	10	128693915,128758114,128764650,128768117,128772781,128781957,128805365,128807179,128809156,128810458,	128694276,128758326,128764821,128768272,128772985,128782023,128805431,128807239,128809204,128813267,	0	FLI1	cmpl	cmpl	-1,-1,0,2,1,1,1,1,1,1,
195	NM_001271012.1	chr11	+	128686534	128813267	128758316	128810988	7	128686534,128758114,128781957,128805365,128807179,128809156,128810458,	128686701,128758326,128782023,128805431,128807239,128809204,128813267,	0	FLI1	cmpl	cmpl	-1,0,1,1,1,1,1,
1565	NM_001330451.2	chr11	-	128458764	128522310	128462360	128521994	7	128458764,128463508,128484822,128486068,128489289,128490456,128521912,	128462576,128463627,128485071,128486146,128489490,128490576,128522310,	0	ETS1	cmpl	cmpl	0,1,1,1,1,1,0,
848	NM_001422.4	chr11	-	34478790	34513794	34480217	34505749	7	34478790,34480771,34482430,34490008,34493478,34505628,34513676,	34480314,34480967,34482499,34490059,34493712,34505753,34513794,	0	ELF5	cmpl	cmpl	2,1,1,1,1,0,-1,
195	NM_002017.5	chr11	+	128694071	128813267	128694258	128810988	9	128694071,128758114,128768117,128772781,128781957,128805365,128807179,128809156,128810458,	128694276,128758326,128768272,128772985,128782023,128805431,128807239,128809204,128813267,	0	FLI1	cmpl	cmpl	0,0,2,1,1,1,1,1,1,
946	NM_003120.3	chr11	-	47354859	47378547	47355226	47378353	5	47354859,47358843,47359852,47375632,47378308,	47355546,47359006,47360040,47375729,47378547,	0	SPI1	cmpl	cmpl	1,0,1,0,0,
1565	NM_005238.4	chr11	-	128458764	128522310	128462360	128521994	8	128458764,128463508,128480190,128484822,128486068,128489289,128490456,128521912,	128462576,128463627,128480451,128485071,128486146,128489490,128490576,128522310,	0	ETS1	cmpl	cmpl	0,1,1,1,1,1,1,0,
849	NM_012153.6	chr11	+	34621092	34663288	34642630	34658931	9	34621092,34642627,34646438,34649018,34651541,34651736,34656907,34658532,34658831,	34621228,34642727,34646684,34649081,34651610,34651805,34656970,34658728,34663288,	0	EHF	cmpl	cmpl	-1,0,1,1,1,1,1,1,2,
848	NM_198381.2	chr11	-	34478790	34511724	34480217	34511569	7	34478790,34480771,34482430,34490008,34493478,34505628,34511543,	34480314,34480967,34482499,34490059,34493712,34505753,34511724,	0	ELF5	cmpl	cmpl	2,1,1,1,1,2,0,
849	XM_005252857.1	chr11	+	34632463	34663288	34632589	34658931	9	34632463,34642627,34646438,34649018,34651541,34651736,34656910,34658532,34658831,	34632652,34642727,34646684,34649081,34651610,34651805,34656970,34658728,34663288,	0	EHF	cmpl	cmpl	0,0,1,1,1,1,1,1,2,
849	XM_005252860.1	chr11	+	34624275	34663288	34642630	34658931	9	34624275,34642627,34646438,34649018,34651541,34651736,34656907,34658532,34658831,	34624317,34642727,34646684,34649081,34651610,34651805,34656970,34658728,34663288,	0	EHF	cmpl	cmpl	-1,0,1,1,1,1,1,1,2,
849	XM_005252861.1	chr11	+	34632463	34663288	34632589	34658931	8	34632463,34642627,34646438,34649018,34651541,34656907,34658532,34658831,	34632652,34642727,34646684,34649081,34651610,34656970,34658728,34663288,	0	EHF	cmpl	cmpl	0,0,1,1,1,1,1,2,
849	XM_005252862.1	chr11	+	34624259	34663288	34642630	34658931	8	34624259,34642627,34646438,34649018,34651541,34656907,34658532,34658831,	34624317,34642727,34646684,34649081,34651610,34656970,34658728,34663288,	0	EHF	cmpl	cmpl	-1,0,1,1,1,1,1,2,
849	XM_011519983.1	chr11	+	34622202	34663288	34622410	34658931	9	34622202,34642627,34646438,34649018,34651541,34651736,34656907,34658532,34658831,	34622416,34642727,34646684,34649081,34651610,34651805,34656970,34658728,34663288,	0	EHF	cmpl	cmpl	0,0,1,1,1,1,1,1,2,
849	XM_011519984.1	chr11	+	34621092	34663288	34642630	34658931	10	34621092,34642007,34642627,34646438,34649018,34651541,34651736,34656907,34658532,34658831,	34621228,34642165,34642727,34646684,34649081,34651610,34651805,34656970,34658728,34663288,	0	EHF	cmpl	cmpl	-1,-1,0,1,1,1,1,1,1,2,
849	XM_011519985.1	chr11	+	34642384	34663288	34642630	34658931	9	34642384,34642627,34646438,34649018,34651541,34651736,34656907,34658532,34658831,	34642463,34642727,34646684,34649081,34651610,34651805,34656970,34658728,34663288,	0	EHF	cmpl	cmpl	-1,0,1,1,1,1,1,1,2,
946	XM_011520307.1	chr11	-	47354858	47395640	47355226	47359921	7	47354858,47358843,47359852,47375632,47379744,47382375,47395489,	47355546,47359006,47360040,47375729,47379849,47383832,47395640,	0	SPI1	cmpl	cmpl	1,0,0,-1,-1,-1,-1,
1565	XM_011542650.1	chr11	-	128458764	128522700	128462360	128521994	9	128458764,128463508,128480190,128484822,128486068,128489289,128490456,128497572,128521912,	128462576,128463627,128480451,128485071,128486146,128489490,128490576,128497674,128522700,	0	ETS1	cmpl	cmpl	0,1,1,1,1,1,1,1,0,
195	XM_011542701.2	chr11	+	128692967	128812416	128758195	128810988	9	128692967,128758114,128768117,128772781,128781957,128805365,128807179,128809156,128810458,	128693143,128758326,128768272,128772985,128782023,128805431,128807239,128809204,128812416,	0	FLI1	cmpl	cmpl	-1,0,2,1,1,1,1,1,1,
195	XM_011542702.1	chr11	+	128693769	128812416	128694258	128810988	7	128693769,128758114,128768117,128772781,128781957,128809156,128810458,	128694276,128758326,128768272,128772985,128782023,128809204,128812416,	0	FLI1	cmpl	cmpl	0,0,2,1,1,1,1,
848	XM_017017308.1	chr11	-	34478790	34513765	34480217	34505749	6	34478790,34480771,34482430,34493478,34505628,34513676,	34480314,34480967,34482499,34493712,34505753,34513765,	0	ELF5	cmpl	cmpl	2,1,1,1,0,-1,
848	XM_017017309.1	chr11	-	34478790	34513765	34480217	34505749	6	34478790,34480771,34490008,34493478,34505628,34513676,	34480314,34480967,34490059,34493712,34505753,34513765,	0	ELF5	cmpl	cmpl	2,1,1,1,0,-1,
195	XM_017017314.1	chr11	-	128459023	128587556	128462360	128573130	10	128459023,128463508,128480190,128484822,128486068,128489289,128490456,128556290,128573061,128587496,	128462576,128463627,128480451,128485071,128486146,128489490,128490576,128556435,128573144,128587556,	0	ETS1	cmpl	cmpl	0,1,1,1,1,1,1,0,0,-1,
195	XM_017017315.2	chr11	-	128459827	128587556	128462360	128556399	9	128459827,128463508,128480190,128484822,128486068,128489289,128490456,128556290,128587487,	128462576,128463627,128480451,128485071,128486146,128489490,128490576,128556435,128587556,	0	ETS1	cmpl	cmpl	0,1,1,1,1,1,1,0,-1,
195	XM_017017317.1	chr11	-	128458764	128587593	128462360	128573130	9	128458764,128463508,128484822,128486068,128489289,128490456,128556290,128573061,128587487,	128462576,128463627,128485071,128486146,128489490,128490576,128556435,128573144,128587593,	0	ETS1	cmpl	cmpl	0,1,1,1,1,1,0,0,-1,
195	XM_017017405.1	chr11	+	128685262	128812417	128758195	128810988	9	128685262,128758114,128768117,128772781,128781957,128805365,128807179,128809156,128810458,	128685372,128758326,128768272,128772985,128782023,128805431,128807239,128809204,128812417,	0	FLI1	cmpl	cmpl	-1,0,2,1,1,1,1,1,1,
195	XM_017017406.1	chr11	+	128692501	128812417	128758195	128810988	9	128692501,128758114,128768117,128772781,128781957,128805365,128807179,128809156,128810458,	128692800,128758326,128768272,128772985,128782023,128805431,128807239,128809204,128812417,	0	FLI1	cmpl	cmpl	-1,0,2,1,1,1,1,1,1,
946	XM_017018173.1	chr11	-	47354858	47395640	47355226	47359921	7	47354858,47358843,47359852,47375632,47379744,47382375,47395489,	47355546,47359006,47360040,47375732,47379849,47383832,47395640,	0	SPI1	cmpl	cmpl	1,0,0,-1,-1,-1,-1,
849	XM_024448431.1	chr11	+	34638703	34663288	34642630	34658931	10	34638703,34642007,34642627,34646438,34649018,34651541,34651736,34656907,34658532,34658831,	34639665,34642165,34642727,34646684,34649081,34651610,34651805,34656970,34658728,34663288,	0	EHF	cmpl	cmpl	-1,-1,0,1,1,1,1,1,1,2,
849	XM_024448432.1	chr11	+	34624363	34663288	34642630	34658931	9	34624363,34642627,34646438,34649018,34651541,34651736,34656907,34658532,34658831,	34624386,34642727,34646684,34649081,34651610,34651805,34656970,34658728,34663288,	0	EHF	cmpl	cmpl	-1,0,1,1,1,1,1,1,2,
849	XM_024448433.1	chr11	+	34621440	34663288	34642630	34658931	9	34621440,34642627,34646438,34649018,34651541,34651736,34656907,34658532,34658831,	34622189,34642727,34646684,34649081,34651610,34651805,34656970,34658728,34663288,	0	EHF	cmpl	cmpl	-1,0,1,1,1,1,1,1,2,
849	XM_024448434.1	chr11	+	34642181	34663288	34642630	34658931	9	34642181,34642627,34646438,34649018,34651541,34651736,34656907,34658532,34658831,	34642348,34642727,34646684,34649081,34651610,34651805,34656970,34658728,34663288,	0	EHF	cmpl	cmpl	-1,0,1,1,1,1,1,1,2,
1319	NM_001303511.2	chr12	+	96255497	96269824	96255520	96267180	3	96255497,96259730,96267081,	96255550,96259853,96269824,	0	ELK3	cmpl	cmpl	0,0,0,
84	NM_001987.5	chr12	+	11649673	11895377	11650127	11891046	8	11649673,11752449,11839139,11853426,11869423,11884444,11885925,11890940,	11650160,11752579,11839304,11853561,11869969,11884587,11886026,11895377,	0	ETV6	cmpl	cmpl	0,0,1,1,1,1,0,2,
164	NM_005230.4	chr12	+	96194374	96269824	96223566	96267180	5	96194374,96223564,96246939,96259730,96267081,	96194705,96223773,96247734,96259853,96269824,	0	ELK3	cmpl	cmpl	-1,0,0,0,0,
1359	NM_152323.3	chr12	+	101475335	101486997	101476904	101486771	6	101475335,101476827,101477557,101479581,101482791,101486343,	101475502,101476907,101477651,101479694,101482900,101486997,	0	SPIC	cmpl	cmpl	-1,0,0,1,0,1,
1359	XM_006719239.3	chr12	+	101475275	101486997	101476904	101486771	6	101475275,101476861,101477557,101479581,101482791,101486343,	101475502,101476907,101477651,101479694,101482900,101486997,	0	SPIC	cmpl	cmpl	-1,0,0,1,0,1,
164	XM_006719275.3	chr12	+	96194401	96269824	96223566	96267180	6	96194401,96198025,96223564,96246939,96259730,96267081,	96194705,96198142,96223773,96247734,96259853,96269824,	0	ELK3	cmpl	cmpl	-1,-1,0,0,0,0,
84	XM_011520607.2	chr12	+	11649600	11895386	11650127	11891046	8	11649600,11752452,11839139,11853426,11869423,11884444,11885925,11890940,	11650160,11752579,11839304,11853561,11869969,11884587,11886026,11895386,	0	ETV6	cmpl	cmpl	0,0,1,1,1,1,0,2,
84	XM_011520608.2	chr12	+	11743046	11895386	11743936	11891046	8	11743046,11752449,11839139,11853426,11869423,11884444,11885925,11890940,	11743942,11752579,11839304,11853561,11869969,11884587,11886026,11895386,	0	ETV6	cmpl	cmpl	0,0,1,1,1,1,0,2,
675	XM_011520609.2	chr12	+	11827503	11895386	11839240	11891046	8	11827503,11829034,11839139,11853426,11869423,11884444,11885925,11890940,	11828609,11829229,11839304,11853561,11869969,11884587,11886026,11895386,	0	ETV6	cmpl	cmpl	-1,-1,0,1,1,1,0,2,
84	XM_011520611.2	chr12	+	11649926	11895386	11839240	11891046	7	11649926,11839139,11853426,11869423,11884444,11885925,11890940,	11650160,11839304,11853561,11869969,11884587,11886026,11895386,	0	ETV6	cmpl	cmpl	-1,0,1,1,1,0,2,
675	XM_011520612.2	chr12	+	11846978	11895386	11869581	11891046	6	11846978,11853426,11869423,11884444,11885925,11890940,	11847111,11853561,11869969,11884587,11886026,11895386,	0	ETV6	cmpl	cmpl	-1,-1,0,1,0,2,
84	XM_017018990.1	chr12	+	11649600	11895386	11650127	11891046	7	11649600,11752449,11839139,11869423,11884444,11885925,11890940,	11650160,11752579,11839304,11869969,11884587,11886026,11895386,	0	ETV6	cmpl	cmpl	0,0,1,1,1,0,2,
84	XM_017018991.1	chr12	+	11649943	11895386	11839240	11891046	12	11649943,11752449,11825643,11826401,11828525,11829034,11839139,11853426,11869423,11884444,11885925,11890940,	11650160,11752579,11825713,11827448,11828609,11829229,11839304,11853561,11869969,11884587,11886026,11895386,	0	ETV6	cmpl	cmpl	-1,-1,-1,-1,-1,-1,0,1,1,1,0,2,
897	NM_001145353.1	chr13	-	40931918	40982282	40933424	40982054	8	40931918,40940920,40942951,40943841,40949805,40951328,40958835,40981982,	40934028,40941370,40943144,40943925,40949901,40951436,40959016,40982282,	0	ELF1	cmpl	cmpl	2,2,1,1,1,1,0,0,
112	NM_001370329.1	chr13	-	40931923	41061386	40933424	40958911	10	40931923,40940920,40942951,40943841,40949805,40951328,40958835,40961442,40981982,41060837,	40934028,40941370,40943144,40943925,40949973,40951436,40959016,40961561,40982282,41061386,	0	ELF1	cmpl	cmpl	2,2,1,1,1,1,0,-1,-1,-1,
112	NM_001370330.1	chr13	-	40931923	41061386	40933424	40982054	9	40931923,40940920,40942951,40943841,40949805,40951328,40958835,40981982,41060837,	40934028,40941370,40943144,40943925,40949973,40951436,40959016,40982282,41061386,	0	ELF1	cmpl	cmpl	2,2,1,1,1,1,0,0,-1,
897	NM_001370331.1	chr13	-	40931923	40982899	40933424	40982054	9	40931923,40940920,40942951,40943841,40949805,40951328,40958835,40981982,40982857,	40934028,40941370,40943144,40943925,40949973,40951436,40959016,40982282,40982899,	0	ELF1	cmpl	cmpl	2,2,1,1,1,1,0,0,-1,
897	NM_001370332.1	chr13	-	40931923	41019316	40933424	40982054	11	40931923,40940920,40942951,40943841,40949805,40951328,40958835,40981982,41013077,41014158,41019227,	40934028,40941370,40943144,40943925,40949973,40951436,40959016,40982282,41013194,41014349,41019316,	0	ELF1	cmpl	cmpl	2,2,1,1,1,1,0,0,-1,-1,-1,
897	NM_172373.4	chr13	-	40931923	41019316	40933424	40982054	9	40931923,40940920,40942951,40943841,40949805,40951328,40958835,40981982,41019227,	40934028,40941370,40943144,40943925,40949973,40951436,40959016,40982282,41019316,	0	ELF1	cmpl	cmpl	2,2,1,1,1,1,0,0,-1,
917	NM_001079675.5	chr17	-	43527845	43546340	43528518	43545617	13	43527845,43529134,43529503,43529883,43530106,43532673,43533186,43533858,43536425,43544974,43545273,43545557,43546184,	43528743,43529236,43529676,43529952,43530181,43532939,43533348,43533985,43536479,43545022,43545367,43545668,43546340,	0	ETV4	cmpl	cmpl	0,0,1,1,1,2,2,1,1,1,0,0,-1,
917	NM_001261437.3	chr17	-	43527845	43546340	43528518	43545310	12	43527845,43529134,43529503,43529883,43530106,43532673,43533186,43533858,43536425,43544974,43545273,43546184,	43528743,43529236,43529676,43529952,43530181,43532939,43533348,43533985,43536479,43545022,43545367,43546340,	0	ETV4	cmpl	cmpl	0,0,1,1,1,2,2,1,1,1,0,-1,
917	NM_001261438.3	chr17	-	43527845	43545899	43528518	43545310	12	43527845,43529134,43529503,43529883,43530106,43532673,43533186,43533858,43536425,43544974,43545273,43545860,	43528743,43529236,43529676,43529952,43530181,43532939,43533348,43533985,43536479,43545022,43545367,43545899,	0	ETV4	cmpl	cmpl	0,0,1,1,1,2,2,1,1,1,0,-1,
917	NM_001261439.3	chr17	-	43527845	43530435	43528518	43530161	5	43527845,43529134,43529503,43529883,43530106,	43528743,43529236,43529676,43529952,43530435,	0	ETV4	cmpl	cmpl	0,0,1,1,0,
917	NM_001369366.2	chr17	-	43527845	43545899	43528518	43545617	13	43527845,43529134,43529503,43529883,43530106,43532673,43533186,43533858,43536425,43544974,43545273,43545557,43545779,	43528743,43529236,43529676,43529952,43530181,43532939,43533348,43533985,43536479,43545022,43545367,43545668,43545899,	0	ETV4	cmpl	cmpl	0,0,1,1,1,2,2,1,1,1,0,0,-1,
917	NM_001369367.2	chr17	-	43527845	43545899	43528518	43545617	13	43527845,43529134,43529503,43529883,43530106,43532673,43533186,43533858,43536425,43544974,43545273,43545557,43545860,	43528743,43529236,43529676,43529952,43530181,43532939,43533348,43533982,43536479,43545022,43545367,43545668,43545899,	0	ETV4	cmpl	cmpl	0,0,1,1,1,2,2,1,1,1,0,0,-1,
917	NM_001369368.2	chr17	-	43527845	43545899	43528518	43545617	13	43527845,43529134,43529503,43529883,43530121,43532673,43533186,43533858,43536425,43544974,43545273,43545557,43545860,	43528743,43529236,43529676,43529952,43530181,43532939,43533348,43533985,43536479,43545022,43545367,43545668,43545899,	0	ETV4	cmpl	cmpl	0,0,1,1,1,2,2,1,1,1,0,0,-1,
917	NM_001986.4	chr17	-	43527845	43545899	43528518	43545617	13	43527845,43529134,43529503,43529883,43530106,43532673,43533186,43533858,43536425,43544974,43545273,43545557,43545860,	43528743,43529236,43529676,43529952,43530181,43532939,43533348,43533985,43536479,43545022,43545367,43545668,43545899,	0	ETV4	cmpl	cmpl	0,0,1,1,1,2,2,1,1,1,0,0,-1,
917	XM_024450644.1	chr17	-	43527842	43545656	43528518	43533208	11	43527842,43529134,43529503,43529883,43530106,43533186,43533858,43536425,43544974,43545273,43545557,	43528743,43529236,43529676,43529952,43530181,43533348,43533985,43536479,43545022,43545367,43545656,	0	ETV4	cmpl	cmpl	0,0,1,1,1,0,-1,-1,-1,-1,-1,
969	NM_001243998.1	chr19	+	50418937	50431053	50422479	50428336	5	50418937,50419945,50422472,50423604,50428037,	50418985,50419973,50422545,50423755,50431053,	0	SPIB	cmpl	cmpl	-1,-1,0,0,1,
969	NM_001243999.2	chr19	+	50418937	50431314	50418962	50428085	6	50418937,50419945,50422472,50422822,50423604,50428037,	50418985,50419973,50422545,50423037,50423751,50431314,	0	SPIB	cmpl	cmpl	0,2,0,1,0,0,
969	NM_001244000.2	chr19	+	50418937	50431314	50422479	50428336	6	50418937,50419945,50422472,50422822,50423639,50428037,	50418985,50419973,50422545,50423037,50423755,50431314,	0	SPIB	cmpl	cmpl	-1,-1,0,0,2,1,
856	NM_001300974.2	chr19	+	35641744	35644871	35643317	35644852	6	35641744,35642614,35642964,35643273,35644234,35644651,	35642156,35642698,35643045,35643753,35644347,35644871,	0	ETV2	cmpl	cmpl	-1,-1,-1,0,1,0,
907	NM_001301035.1	chr19	-	42247560	42254635	42248464	42250362	4	42247560,42249826,42250330,42254536,	42249738,42249942,42250565,42254635,	0	ERF	cmpl	cmpl	1,2,0,-1,
856	NM_001304549.2	chr19	+	35641744	35644871	35642460	35644852	5	35641744,35642433,35642614,35644234,35644651,	35642156,35642530,35642698,35644347,35644871,	0	ETV2	cmpl	cmpl	-1,0,1,1,0,
907	NM_001308402.2	chr19	-	42247568	42253899	42248464	42250362	4	42247568,42249826,42250330,42253841,	42249738,42249942,42250565,42253899,	0	ERF	cmpl	cmpl	1,2,0,-1,
907	NM_001312656.2	chr19	-	42247568	42255128	42248464	42250362	4	42247568,42249826,42250330,42255103,	42249738,42249942,42250565,42255128,	0	ERF	cmpl	cmpl	1,2,0,-1,
969	NM_003121.5	chr19	+	50418937	50431314	50418962	50428336	6	50418937,50419945,50422472,50422822,50423604,50428037,	50418985,50419973,50422545,50423037,50423755,50431314,	0	SPIB	cmpl	cmpl	0,2,0,1,0,1,
907	NM_006494.4	chr19	-	42247568	42255128	42248464	42254999	4	42247568,42249826,42250330,42254977,	42249738,42249942,42250565,42255128,	0	ERF	cmpl	cmpl	1,2,1,0,
856	NM_014209.4	chr19	+	35641744	35644871	35642460	35644852	7	35641744,35642433,35642614,35642964,35643273,35644234,35644651,	35642156,35642530,35642698,35643045,35643753,35644347,35644871,	0	ETV2	cmpl	cmpl	-1,0,1,1,1,1,0,
856	XM_005258652.2	chr19	+	35641756	35644871	35642460	35644852	6	35641756,35642433,35642964,35643273,35644234,35644651,	35642156,35642698,35643045,35643753,35644347,35644871,	0	ETV2	cmpl	cmpl	-1,0,1,1,1,0,
856	XM_011526624.2	chr19	+	35641174	35644871	35643317	35644852	6	35641174,35642614,35642948,35643273,35644234,35644651,	35642156,35642698,35643045,35643753,35644347,35644871,	0	ETV2	cmpl	cmpl	-1,-1,-1,0,1,0,
907	XM_017026468.1	chr19	-	42247568	42250918	42248464	42250362	4	42247568,42249826,42250330,42250678,	42249738,42249942,42250565,42250918,	0	ERF	cmpl	cmpl	1,2,0,-1,
907	XM_017026469.1	chr19	-	42247568	42251435	42248464	42250362	4	42247568,42249826,42250330,42251388,	42249738,42249942,42250565,42251435,	0	ERF	cmpl	cmpl	1,2,0,-1,
856	XM_017026472.1	chr19	+	35641756	35644871	35642460	35644852	5	35641756,35642433,35643273,35644234,35644651,	35642156,35642698,35643753,35644347,35644871,	0	ETV2	cmpl	cmpl	-1,0,1,1,0,
109	NM_001136154.1	chr21	-	38380026	38661780	38383402	38575700	12	38380026,38390994,38391658,38392375,38400573,38402556,38403505,38423409,38445403,38575661,38584843,38661657,	38383923,38391042,38391715,38392444,38400645,38402637,38403709,38423561,38445621,38575747,38584945,38661780,	0	ERG	cmpl	cmpl	1,1,1,1,1,1,1,2,0,0,-1,-1,
109	NM_001136155.1	chr21	-	38380026	38498504	38383402	38423521	9	38380026,38390994,38391658,38392375,38400573,38402556,38403505,38423409,38498362,	38383923,38391042,38391715,38392444,38400645,38402637,38403709,38423561,38498504,	0	ERG	cmpl	cmpl	1,1,1,1,1,1,1,0,-1,
781	NM_001197297.2	chr21	+	25734971	25772460	25741598	25769232	10	25734971,25741572,25745209,25749035,25751988,25758009,25762311,25764209,25764594,25769003,	25735070,25741675,25745354,25749120,25752234,25758204,25762365,25764350,25764787,25772460,	0	GABPA	cmpl	cmpl	-1,0,2,0,1,1,1,1,1,2,
109	NM_001243428.1	chr21	-	38380026	38660667	38383402	38575700	12	38380026,38390994,38391658,38392375,38400573,38402556,38403505,38423409,38445403,38575661,38584843,38660521,	38383923,38391042,38391715,38392444,38400645,38402637,38403709,38423561,38445621,38575747,38584945,38660667,	0	ERG	cmpl	cmpl	1,1,1,1,1,1,1,2,0,0,-1,-1,
109	NM_001243429.1	chr21	-	38380026	38584945	38383402	38423521	9	38380026,38390994,38391658,38392375,38402556,38403505,38423409,38575661,38584843,	38383923,38391042,38391715,38392444,38402637,38403709,38423561,38575747,38584945,	0	ERG	cmpl	cmpl	1,1,1,1,1,1,0,-1,-1,
109	NM_001243432.2	chr21	-	38367260	38661780	38367634	38575700	12	38367260,38390994,38391658,38392375,38400573,38402556,38403505,38423409,38445403,38575661,38584843,38661657,	38367648,38391042,38391715,38392444,38400645,38402637,38403709,38423561,38445621,38575747,38584945,38661780,	0	ERG	cmpl	cmpl	1,1,1,1,1,1,1,2,0,0,-1,-1,
881	NM_001256295.2	chr21	+	38805182	38824955	38805346	38822889	11	38805182,38805970,38810034,38813002,38814272,38814780,38817007,38818424,38819502,38821585,38822673,	38805616,38806120,38810106,38813114,38814392,38814981,38817091,38818646,38819766,38821704,38824955,	0	ETS2	cmpl	cmpl	0,0,0,0,1,1,1,1,1,1,0,
109	NM_001291391.1	chr21	-	38400071	38661780	38400361	38575700	8	38400071,38402556,38403505,38423409,38445403,38575661,38584843,38661657,	38400645,38402637,38403709,38423561,38445621,38575747,38584945,38661780,	0	ERG	cmpl	cmpl	1,1,1,2,0,0,-1,-1,
109	NM_001331025.2	chr21	-	38380035	38498477	38383402	38498380	9	38380035,38390994,38391658,38392375,38402556,38403505,38423409,38445403,38498362,	38383923,38391042,38391715,38392444,38402637,38403709,38423561,38445621,38498477,	0	ERG	cmpl	cmpl	1,1,1,1,1,1,2,0,0,
781	NM_002040.4	chr21	+	25734971	25772460	25741598	25769232	10	25734971,25741572,25745209,25749035,25751988,25758009,25762311,25764209,25764594,25769003,	25735578,25741675,25745354,25749120,25752234,25758204,25762365,25764350,25764787,25772460,	0	GABPA	cmpl	cmpl	-1,0,2,0,1,1,1,1,1,2,
109	NM_004449.4	chr21	-	38380026	38661780	38383402	38575700	11	38380026,38390994,38391658,38392375,38402556,38403505,38423409,38445403,38575661,38584843,38661657,	38383923,38391042,38391715,38392444,38402637,38403709,38423561,38445621,38575747,38584945,38661780,	0	ERG	cmpl	cmpl	1,1,1,1,1,1,2,0,0,-1,-1,
881	NM_005239.6	chr21	+	38805928	38824955	38810034	38822889	10	38805928,38810034,38813002,38814272,38814780,38817007,38818424,38819502,38821585,38822673,	38806120,38810106,38813114,38814392,38814981,38817091,38818646,38819766,38821704,38824955,	0	ETS2	cmpl	cmpl	-1,0,0,1,1,1,1,1,1,0,
109	NM_182918.4	chr21	-	38380035	38498477	38383402	38498380	10	38380035,38390994,38391658,38392375,38400573,38402556,38403505,38423409,38445403,38498362,	38383923,38391042,38391715,38392444,38400645,38402637,38403709,38423561,38445621,38498477,	0	ERG	cmpl	cmpl	1,1,1,1,1,1,1,2,0,0,
109	NR_111949.2	chr21	-	38470774	38661783	38661783	38661783	5	38470774,38474026,38575661,38584843,38661657,	38472080,38474121,38575747,38584945,38661783,	0	ERG	none	none	-1,-1,-1,-1,-1,
881	XM_005260935.1	chr21	+	38806445	38824955	38810034	38822889	10	38806445,38810034,38813002,38814272,38814780,38817007,38818424,38819502,38821585,38822673,	38806808,38810106,38813114,38814392,38814981,38817091,38818646,38819766,38821704,38824955,	0	ETS2	cmpl	cmpl	-1,0,0,1,1,1,1,1,1,0,
781	XM_005260938.5	chr21	+	25735189	25772104	25741598	25769232	10	25735189,25741572,25745209,25749035,25751988,25758009,25762311,25764209,25764594,25769003,	25735385,25741675,25745354,25749120,25752234,25758204,25762365,25764350,25764787,25772104,	0	GABPA	cmpl	cmpl	-1,0,2,0,1,1,1,1,1,2,
781	XM_011529520.3	chr21	+	25735131	25772104	25741598	25769232	11	25735131,25739879,25741572,25745209,25749035,25751988,25758009,25762311,25764209,25764594,25769003,	25735578,25740032,25741675,25745354,25749120,25752234,25758204,25762365,25764350,25764787,25772104,	0	GABPA	cmpl	cmpl	-1,-1,0,2,0,1,1,1,1,1,2,
781	XM_011529521.3	chr21	+	25735131	25772104	25741598	25769232	12	25735131,25739879,25740396,25741572,25745209,25749035,25751988,25758009,25762311,25764209,25764594,25769003,	25735578,25740032,25740487,25741675,25745354,25749120,25752234,25758204,25762365,25764350,25764787,25772104,	0	GABPA	cmpl	cmpl	-1,-1,-1,0,2,0,1,1,1,1,1,2,
881	XM_017028290.1	chr21	+	38806836	38824955	38810034	38822889	10	38806836,38810034,38813002,38814272,38814780,38817007,38818424,38819502,38821585,38822673,	38809796,38810106,38813114,38814392,38814981,38817091,38818646,38819766,38821704,38824955,	0	ETS2	cmpl	cmpl	-1,0,0,1,1,1,1,1,1,0,
781	XM_017028313.2	chr21	+	25735383	25772104	25741598	25769232	10	25735383,25741560,25745209,25749035,25751988,25758009,25762311,25764209,25764594,25769003,	25735578,25741675,25745354,25749120,25752234,25758204,25762365,25764350,25764787,25772104,	0	GABPA	cmpl	cmpl	-1,0,2,0,1,1,1,1,1,2,
781	XM_024452062.1	chr21	+	25735195	25771055	25741598	25769232	11	25735195,25739879,25741572,25745209,25749035,25751988,25758009,25762311,25764209,25764594,25769003,	25735385,25740032,25741675,25745354,25749120,25752234,25758204,25762365,25764350,25764787,25771055,	0	GABPA	cmpl	cmpl	-1,-1,0,2,0,1,1,1,1,1,2,